0.1  4.065  -0.8 0.0 0.0 1.0 0.0
0.1  4.065  -0.8 0.0 0.0 1.0 0.0
0.1  4.488  -0.80048 0.0 0.0 1.0 0.0
0.6  4.21  -0.800063 0.0 0.0 1.0 0.0
0.4  2.31  -0.44 0.0 0.0 1.0 0.0
0.4  0.23  -0.9 0.0 0.0 1.0 0.0
0.4  -0.0081215  -0.18 0.0 0.0 1.0 0.0
-0.42  4.21  -0.8000725 0.0 0.0 1.0 0.0
-0.22  2.31  -0.44 0.0 0.0 1.0 0.0
-0.22  0.23  -0.9 0.0 0.0 1.0 0.0
-0.22  -0.0081215  -0.18 0.0 0.0 1.0 0.0
0.1  4.97  -0.80048 0.0 0.0 1.0 0.0
0.1  5.44  -0.80048 0.0 0.0 1.0 0.0
0.1  5.92  -0.80048 0.0 0.0 1.0 0.0
0.1  6.13  -0.780028 0.0 0.0 1.0 0.0
0.1  6.67  -0.800045 0.0 0.0 1.0 0.0
0.3  7.2  -0.45 0.0 0.0 1.0 0.0
-0.2  7.2  -0.45 0.0 0.0 1.0 0.0
0.1  6.98  -0.7 0.0 0.0 1.0 0.0
0.229211936411512  6.22771733891861  -0.7997 0.0 0.0 1.0 0.0
0.944087661822437  6.22771733891861  -0.94046 0.0 0.0 1.0 0.0
1.95773447846792  6.16179835864559  -0.9 0.0 0.0 1.0 0.0
3.1  6.13  -0.9 0.0 0.0 1.0 0.0
3.34  6.10866666666667  -1.03333333333333 0.0 0.0 1.0 0.0
3.46  6.098  -1.1 0.0 0.0 1.0 0.0
3.55  6.09  -1.15 0.0 0.0 1.0 0.0
3.55866666666667  6.11933333333333  -0.985333333333333 0.0 0.0 1.0 0.0
3.788  6.114  -1.028 0.0 0.0 1.0 0.0
3.96  6.11  -1.06 0.0 0.0 1.0 0.0
3.57466666666667  6.11933333333333  -0.926666666666667 0.0 0.0 1.0 0.0
3.812  6.114  -0.94 0.0 0.0 1.0 0.0
3.99  6.11  -0.95 0.0 0.0 1.0 0.0
3.55333333333333  6.114  -0.862666666666667 0.0 0.0 1.0 0.0
3.78  6.106  -0.844 0.0 0.0 1.0 0.0
3.95  6.1  -0.83 0.0 0.0 1.0 0.0
3.34  6.09266666666667  -0.724 0.0 0.0 1.0 0.0
3.36  6.074  -0.636 0.0 0.0 1.0 0.0
3.55  6.06  -0.57 0.0 0.0 1.0 0.0
-0.0483905480421134  6.22771733891861  -0.80025 0.0 0.0 1.0 0.0
-0.762784154192738  6.22771733891861  -0.943489 0.0 0.0 1.0 0.0
-1.77676131181287  6.16181421027004  -0.9 0.0 0.0 1.0 0.0
-2.92  6.13000792581222  -0.9 0.0 0.0 1.0 0.0
-3.16  6.10867036537904  -1.03333333333333 0.0 0.0 1.0 0.0
-3.28  6.09800158516244  -1.1 0.0 0.0 1.0 0.0
-3.37  6.09  -1.15 0.0 0.0 1.0 0.0
-3.37866666666667  6.11933703204571  -0.985333333333333 0.0 0.0 1.0 0.0
-3.608  6.11400158516245  -1.028 0.0 0.0 1.0 0.0
-3.78  6.11  -1.06 0.0 0.0 1.0 0.0
-3.39466666666667  6.11933703204571  -0.926666666666667 0.0 0.0 1.0 0.0
-3.632  6.11400158516245  -0.94 0.0 0.0 1.0 0.0
-3.81  6.11  -0.95 0.0 0.0 1.0 0.0
-3.37333333333333  6.11400369871237  -0.862666666666667 0.0 0.0 1.0 0.0
-3.6  6.10600158516244  -0.844 0.0 0.0 1.0 0.0
-3.77  6.1  -0.83 0.0 0.0 1.0 0.0
-3.16  6.09267036537904  -0.724 0.0 0.0 1.0 0.0
-3.28  6.07400158516244  -0.636 0.0 0.0 1.0 0.0
-3.37  6.06  -0.57 0.0 0.0 1.0 0.0
